0106002001
0112001001
0204001001
0204001002
0204001003
0204001004
0204001006
0204001007
0204001008
0204001009
0204001010
0204001011
0204001012
0204001013
0204001014
0204001015
0204001016
0206001002
0206001004
0206002003
0206002004
0206002005
0209001003
0404002008
0603001002
0608001001
0608002003
0101005001
0106001001
0106003001
0110007001
0204001005
0205002001
0205006001
0206001003
0206001005
0206001006
0206001008
0206001009
0206002002
0206006002
0209001004
0210002001
0401008001
0401015001
0402006001
0505024001
0604002001
0102014001
0106009001
0110006001
0111004001
0205001001
0206001007
0209001002
0401004001
0401005001
0401013001
0401016001
0402004001
0403001001
0403002001
0403003001
0502004001
0505001001
0604001001
0608001002
0608002002
0702003001
0105005001
0603001001
0101015001
0102001003
0206005002
0206011003
0206011004
0209004001
0404002006
0404002007
0504008001
0504008002
0504009001
0702002001
0703001001
0707006001
0707007001
0707009001
0707011001
0707012001
0818001001
0101001001
0101003001
0101004001
0101020001
0102005001
0102007001
0102009002
0102019001
0105001001
0105001002
0105003001
0105004001
0109001001
0202001001
0202001006
0202001009
0206005003
0206005005
0206005006
0206009002
0206011002
0206018002
0206018006
0208001001
0208004001
0208005001
0208006001
0208010001
0208011001
0404006001
0504005002
0504005003
0504006002
0505001002
0505005001
0505006003
0505013001
0505014001
0505016002
0505026001
0510004001
0606003001
0606005001
0606006001
0702001001
0702004001
0702005001
0702006001
0703003001
0703004001
0703005001
0705004001
0705005001
0705010001
0707001001
0707004001
0707005001
0707008001
0707010001
0707013001
0711001001
0816001001
0101008001
0101010001
0101012001
0101013001
0101016001
0101017001
0102001001
0102001002
0102009001
0102015001
0103012005
0105002001
0105006001
0105009001
0201001003
0201001004
0201001005
0201001011
0202001004
0202001005
0205005002
0206001001
0206004001
0206005001
0206005004
0206005007
0206005009
0206005010
0206006001
0206008001
0206010001
0206011001
0206013001
0206015001
0206016001
0206018001
0206018003
0206018004
0206018005
0208002001
0208003001
0208007001
0208008001
0209001001
0209002001
0401003001
0401007001
0401011001
0404001001
0404002001
0404002002
0404002003
0404002004
0404004001
0504003001
0504004001
0504005001
0504008003
0505004001
0505006002
0505009001
0505015001
0505016001
0505018001
0505025001
0505027001
0506019001
0506023001
0508001001
0508002001
0508003001
0508007001
0508008001
0510001001
0510002001
0510002002
0516016001
0603002001
0606001001
0703002001
0705006001
0705007001
0705008001
0705012001
0705013001
0707003001
0101002001
0102013001
0201001001
0201001006
0201001009
0202001003
0206005008
0206007001
0206009001
0401001001
0401002001
0401010001
0401012001
0402001001
0402002001
0402003001
0402005001
0504001001
0504002001
0504006001
0504007001
0505003001
0605001001
0705001001
0705002001
0705003001
0104001005
0104001006
0104001010
0104002002
0104002005
0104002006
0207004001
0207013001
0802002001
0807001013
0104001002
0104001003
0104001004
0104001007
0104001008
0104002001
0104002004
0104002007
0105008001
0110005003
0207003001
0207005001
0207006001
0207008001
0207009001
0207011001
0207012001
0207016001
0507005001
0804004001
0807001004
0807001006
0807001007
0807001011
0807001012
0807001014
0104001001
0104004001
0110002001
0110005001
0110005002
0207019001
0507001001
0507003001
0803001001
0803006001
0807001001
0807001002
0807001003
0807001005
0807001008
0807001009
0807001010
0811001001
0812001001
0821001001
0505019001
0211012001
0501001006
0502015001
0506008003
0506008005
0506013003
0506027001
0518001001
0706009001
0706016001
0706017001
0706019001
0710007001
0801001015
0801001021
0801001022
0801001024
0807004003
0817001004
0817001005
0819001002
0101011001
0101018001
0206012006
0211002001
0211011001
0211013001
0213002001
0501001004
0501001009
0501001011
0502007001
0502008001
0502010001
0503005002
0503011002
0503012003
0503012004
0503021006
0503024001
0506008002
0506008004
0506010001
0506021001
0506028001
0511007001
0511008001
0511013001
0511014001
0706003001
0706004001
0706005001
0706007001
0706012001
0706013001
0706014001
0708003001
0710001001
0710002001
0710003001
0710004001
0710005001
0710006001
0710009001
0710010001
0710011001
0801001007
0801001013
0801001017
0801001019
0801001020
0801001023
0803004001
0804006001
0805001007
0805002001
0805002004
0805003001
0806001001
0806001005
0806001006
0806002001
0807002001
0807004001
0807004002
0807004004
0812003001
0812004001
0815001001
0817001003
0820001001
0101018002
0203002001
0203005001
0206012001
0206012002
0206012003
0206012004
0207002001
0210001001
0211002002
0211007001
0211008001
0211009001
0211014001
0404003001
0501001001
0501001005
0501001007
0501001008
0502001001
0502003001
0502006001
0502009001
0502012001
0502013001
0503001001
0503001002
0503003004
0503003005
0503003009
0503007001
0503007002
0503007003
0503009002
0503009003
0503009007
0503011001
0503012001
0503012005
0503013001
0503013002
0503013003
0503013004
0503017001
0503017003
0503020001
0503021001
0503021003
0503021004
0506006001
0506007001
0506008001
0506008006
0506012001
0506017001
0506022001
0509001001
0511009001
0511011001
0511012001
0516014001
0516015001
0517001001
0519001002
0607004001
0701001001
0701002001
0702007001
0706002001
0706006001
0706008001
0706010001
0706011001
0706015001
0706020001
0709001001
0710008001
0710012001
0801001002
0801001005
0801001011
0801001012
0801001016
0802001001
0802003001
0804001001
0804005001
0805001004
0805001005
0805001006
0805001008
0805001009
0805002002
0805002005
0805002006
0806001002
0806001004
0806001007
0806003001
0807004006
0807007001
0808001001
0810002001
0812002001
0814001001
0817001001
0817001002
0819001001
0203001010
0203003001
0203004001
0203006001
0203009001
0206002001
0206014001
0207001001
0308007001
0501001010
0501001012
0501001013
0502002001
0502011001
0502014001
0503003001
0503003003
0503003006
0503004001
0503004002
0503004003
0503004004
0503005001
0503008001
0503009001
0503012002
0503016001
0503017002
0503021005
0503022001
0506006003
0506011001
0506013015
0507002001
0507002002
0509002001
0511004001
0511005001
0511006001
0512001001
0514001001
0516001001
0516002001
0516003001
0516004001
0516005001
0516006001
0516007001
0516008001
0516009001
0516010001
0516011001
0516012001
0516013001
0519001001
0608002001
0706001001
0801001003
0805001001
0805001002
0805001003
0805002003
0807005001
0807006001
0810001001
0301002004
0301002005
0305001007
0305030003
0308001004
0308001005
0308001007
0301002003
0301002006
0301002007
0301002009
0301002012
0301002013
0302001001
0302001003
0302001004
0302001005
0302001006
0302001009
0303001002
0303001009
0305001004
0305001005
0305001006
0305017001
0305024001
0305026003
0305027001
0305027002
0305028002
0305030001
0305030002
0305030004
0305030005
0306007001
0306009001
0307003005
0308001001
0308001002
0308001003
0308001006
0308001009
0308001011
0308002001
0308009001
0309002001
0310005001
0310008001
0311002001
0313001001
0301002001
0301002002
0302001002
0302001007
0302002001
0302003001
0303001001
0303001004
0303001007
0303002001
0305001003
0305009001
0305015001
0305016001
0305021001
0305022001
0305023001
0305026001
0305026002
0305027003
0305028001
0305029002
0305031001
0305031002
0305032001
0306001001
0306002001
0306003001
0306004001
0306006001
0307003001
0307003002
0307003003
0307003004
0307003006
0307004001
0308010001
0309001001
0309006001
0310001001
0310004001
0301002011
0303003001
0304001008
0305001002
0305002001
0305025001
0305029001
0306005001
0306008001
0307002001
0308001013
0310002001
0310003001
0310006001
0310006002
0311001001
0515001001
0515002001
0205004001
0107001001
0405001001
0101009001
0111005001
0505006001
0310006001
0310006002
0311001001
0515001001
0515002001
0205004001
0107001001
0405001001
0101009001
0111005001
0505006001